/******************************************************
  Shadows and Eternity FX data file :
******************************************************/
image_t dolorreLogo = "../assets/dolorreLogo.png"
image_t saeTitle = "../assets/saeTitle.png"
image_t selectionLine = "../assets/selectionLine.png"
image_t helpText = "../assets/helpText.png"
image_t creditsText = "../assets/creditsText.png"
image_t theEnd = "../assets/theEnd.png"

uint8_t gti = 255 255 16 89 111 117 32 111 112 101 110 32 121 111 117 114 32 101 121 101 115 32 97 110 100 32 102 105 110 100 32 121 111 117 114 115 101 108 102 32 108 121 105 110 103 32 105 110 32 97 32 98 101 100 32 111 102 32 102 108 111 119 101 114 115 46 0 255 255 16 89 111 117 32 98 108 105 110 107 32 97 32 102 101 119 32 116 105 109 101 115 46 0 255 255 16 76 111 111 107 105 110 103 32 117 112 44 32 121 111 117 32 115 101 101 32 97 32 116 97 108 108 32 98 117 105 108 100 105 110 103 32 108 111 111 109 105 110 103 32 111 118 101 114 32 121 111 117 46 32 84 119 111 32 115 116 111 114 105 101 115 32 117 112 44 32 121 111 117 32 115 101 101 32 97 32 98 114 111 107 101 110 32 119 105 110 100 111 119 46 0 255 255 16 84 104 97 116 39 115 32 114 105 103 104 116 44 32 121 111 117 32 102 101 108 108 32 102 114 111 109 32 116 104 101 114 101 46 0 1 41 1 148 67 111 110 116 105 110 117 101 32 108 97 121 105 110 103 32 104 101 114 101 0 71 101 116 32 117 112 0 89 111 117 32 119 111 110 100 101 114 32 119 104 97 116 32 121 111 117 32 115 104 111 117 108 100 32 100 111 32 110 101 120 116 46 0 255 255 16 89 111 117 32 100 101 99 105 100 101 32 116 111 32 106 117 115 116 32 108 97 121 32 116 104 101 114 101 46 32 89 111 117 32 104 101 97 114 32 100 105 115 116 97 110 116 32 75 45 67 72 85 78 75 115 32 115 108 111 119 108 121 32 103 101 116 116 105 110 103 32 108 111 117 100 101 114 46 0 255 255 5 51 143 255 255 0 73 116 32 98 101 103 105 110 115 32 97 103 97 105 110 46 0 255 255 16 89 111 117 32 102 111 114 99 101 32 121 111 117 114 115 101 108 102 32 116 111 32 115 105 116 32 117 112 32 119 104 105 108 101 32 97 118 111 105 100 105 110 103 32 98 114 111 107 101 110 32 103 108 97 115 115 32 97 115 32 121 111 117 32 100 111 32 115 111 46 0 255 255 16 89 111 117 32 108 111 111 107 32 97 114 111 117 110 100 44 32 112 114 97 121 105 110 103 32 115 105 108 101 110 116 108 121 32 116 104 97 116 32 121 111 117 114 32 97 116 116 97 99 107 101 114 32 100 111 101 115 110 39 116 32 106 117 109 112 32 111 117 116 32 116 104 101 32 119 105 110 100 111 119 32 97 102 116 101 114 32 121 111 117 46 0 255 255 16 84 111 32 121 111 117 114 32 114 101 108 105 101 102 44 32 105 116 32 100 111 101 115 110 39 116 32 99 111 109 101 32 111 117 116 32 97 102 116 101 114 32 121 111 117 46 0 255 255 16 79 110 32 121 111 117 114 32 108 101 102 116 32 105 115 32 116 104 101 32 112 97 116 104 119 97 121 32 116 111 32 116 104 101 32 98 97 99 107 32 101 110 116 114 97 110 99 101 46 32 79 110 32 121 111 117 114 32 114 105 103 104 116 32 105 115 32 100 101 98 114 105 115 46 32 84 104 101 114 101 39 115 32 97 108 119 97 121 115 32 116 104 101 32 102 114 111 110 116 32 100 111 111 114 46 0 3 14 32 120 71 111 32 108 101 102 116 0 71 111 32 105 110 32 116 104 101 32 102 114 111 110 116 0 78 111 119 44 32 119 104 105 99 104 32 119 97 121 32 116 111 32 103 111 63 0 255 255 16 89 111 117 32 104 101 97 100 32 100 111 119 110 32 116 104 101 32 112 97 116 104 32 116 111 119 97 114 100 115 32 116 104 101 32 98 97 99 107 32 111 102 32 116 104 101 32 98 117 105 108 100 105 110 103 46 32 69 118 101 114 121 32 102 101 119 32 115 116 101 112 115 32 121 111 117 32 115 116 111 112 32 97 110 100 32 108 105 115 116 101 110 44 32 106 117 115 116 32 105 110 32 99 97 115 101 32 121 111 117 32 97 114 101 32 98 101 105 110 103 32 102 111 108 108 111 119 101 100 46 0 255 255 16 75 45 99 104 117 110 107 46 0 255 255 16 73 102 32 121 111 117 32 115 116 105 108 108 32 104 97 100 32 97 32 104 101 97 114 116 44 32 105 116 32 119 111 117 108 100 32 98 101 32 114 97 99 105 110 103 46 32 89 111 117 32 115 116 97 114 116 32 114 117 110 110 105 110 103 46 32 77 97 121 98 101 32 121 111 117 32 99 97 110 32 103 101 116 32 116 111 32 116 104 101 32 100 111 111 114 32 98 101 102 111 114 101 32 105 116 32 99 97 116 99 104 101 115 32 121 111 117 46 0 255 255 16 89 111 117 32 103 108 97 110 99 101 32 111 118 101 114 32 121 111 117 114 32 115 104 111 117 108 100 101 114 32 97 110 100 32 115 101 101 32 97 32 115 116 114 97 110 103 101 32 100 111 103 45 108 105 107 101 32 114 111 98 111 116 32 104 117 114 100 108 105 110 103 32 116 111 119 97 114 100 32 121 111 117 46 32 89 111 117 32 121 97 110 107 32 111 110 32 116 104 101 32 100 111 111 114 32 104 97 110 100 108 101 46 0 4 181 9 225 84 114 121 32 116 104 101 32 100 111 111 114 32 97 103 97 105 110 0 82 117 110 0 73 116 39 115 32 108 111 99 107 101 100 46 0 4 254 9 225 84 114 121 32 116 104 101 32 100 111 111 114 32 97 103 97 105 110 0 82 117 110 0 73 116 32 100 111 101 115 110 39 116 32 98 117 100 103 101 46 32 68 105 100 32 121 111 117 32 104 101 97 114 32 99 108 105 99 107 44 32 116 104 111 117 103 104 63 0 255 255 16 89 111 117 32 116 114 121 32 116 104 101 32 100 111 111 114 32 111 110 101 32 108 97 115 116 32 116 105 109 101 44 32 97 110 100 32 105 116 32 111 112 101 110 115 46 32 89 111 117 32 100 97 115 104 32 105 110 115 105 100 101 32 97 110 100 32 115 108 97 109 32 116 104 101 32 100 111 111 114 32 115 104 117 116 46 0 255 255 16 89 111 117 32 104 101 97 114 32 97 32 108 111 117 100 32 84 72 85 78 75 32 97 115 32 116 104 101 32 114 111 98 111 116 32 104 105 116 115 32 116 104 101 32 115 116 117 114 100 121 32 109 101 116 97 108 32 100 111 111 114 46 0 255 255 16 89 111 117 32 108 111 99 107 32 116 104 101 32 100 111 111 114 32 97 110 100 32 112 117 108 108 32 111 110 32 116 104 101 32 104 97 110 100 108 101 32 116 111 32 109 97 107 101 32 115 117 114 101 32 105 116 39 115 32 112 114 111 112 101 114 108 121 32 115 101 99 117 114 101 100 46 0 255 255 16 84 104 101 32 116 104 111 117 103 104 116 32 111 102 32 102 97 99 105 110 103 32 116 104 97 116 32 114 111 98 111 116 32 97 103 97 105 110 32 109 97 107 101 115 32 121 111 117 114 32 115 107 105 110 32 99 114 97 119 108 46 32 79 114 32 105 116 32 119 111 117 108 100 44 32 105 102 32 121 111 117 32 104 97 100 32 115 107 105 110 46 0 6 143 27 26 76 111 111 107 32 102 111 114 32 97 32 119 101 97 112 111 110 0 76 111 111 107 32 102 111 114 32 67 97 114 101 121 0 84 104 101 32 113 117 101 115 116 105 111 110 32 105 115 44 32 119 104 97 116 32 116 111 32 100 111 32 110 101 120 116 63 0 255 255 16 89 111 117 32 108 97 117 103 104 46 32 34 87 104 101 114 101 32 100 111 32 121 111 117 32 116 104 105 110 107 32 121 111 117 32 97 114 101 32 103 111 105 110 103 32 116 111 32 102 105 110 100 32 97 32 119 101 97 112 111 110 32 105 110 32 97 32 76 65 66 33 34 0 255 255 16 87 105 116 104 32 67 97 114 101 121 32 98 101 105 110 103 32 115 111 32 112 97 114 97 110 111 105 100 32 97 98 111 117 116 32 65 73 79 32 105 110 118 97 100 105 110 103 44 32 109 97 121 98 101 32 116 104 101 114 101 32 105 115 32 115 111 109 101 116 104 105 110 103 32 121 111 117 32 99 97 110 32 100 101 102 101 110 100 32 121 111 117 114 115 101 108 102 32 119 105 116 104 46 0 255 255 16 89 111 117 32 115 116 97 114 116 32 99 104 101 99 107 105 110 103 32 101 97 99 104 32 114 111 111 109 32 102 111 114 32 97 110 121 116 104 105 110 103 32 116 104 97 116 32 121 111 117 32 109 105 103 104 116 32 98 101 32 97 98 108 101 32 116 111 32 117 115 101 32 97 115 32 97 32 119 101 97 112 111 110 46 0 255 255 16 80 101 101 114 105 110 103 32 105 110 116 111 32 111 110 101 32 114 111 111 109 44 32 121 111 117 32 110 111 116 105 99 101 32 115 111 109 101 116 104 105 110 103 32 111 100 100 58 32 97 110 32 101 97 114 108 121 32 109 111 100 101 108 32 111 102 32 97 110 32 97 110 100 114 111 105 100 32 108 97 121 105 110 103 32 111 110 32 97 32 116 97 98 108 101 46 0 8 89 26 15 73 110 118 101 115 116 105 103 97 116 101 0 67 111 110 116 105 110 117 101 32 121 111 117 114 32 115 101 97 114 99 104 0 84 111 32 105 110 118 101 115 116 105 103 97 116 101 32 111 114 32 108 101 97 118 101 32 97 110 100 32 99 111 110 116 105 110 117 101 32 121 111 117 114 32 115 101 97 114 99 104 63 0 255 255 16 89 111 117 32 115 108 111 119 108 121 32 101 110 116 101 114 32 116 104 101 32 114 111 111 109 44 32 99 104 101 99 107 105 110 103 32 101 118 101 114 121 32 99 111 114 110 101 114 32 102 111 114 32 116 104 114 101 97 116 115 46 0 255 255 16 66 117 116 32 121 111 117 32 97 114 101 32 97 108 111 110 101 46 0 255 255 16 80 97 105 110 102 117 108 32 109 101 109 111 114 105 101 115 32 115 117 114 103 101 32 116 111 32 116 104 101 32 115 117 114 102 97 99 101 32 97 115 32 121 111 117 32 101 120 97 109 105 110 101 32 116 104 101 32 97 110 100 114 111 105 100 46 0 255 255 16 73 116 39 115 32 110 111 116 32 116 104 97 116 32 109 117 99 104 32 100 105 102 102 101 114 101 110 116 32 102 114 111 109 32 116 104 101 32 109 111 100 101 108 32 121 111 117 32 99 97 108 108 32 104 111 109 101 44 32 101 120 99 101 112 116 32 102 111 114 32 116 104 101 32 102 97 99 116 32 105 116 39 115 32 109 105 115 115 105 110 103 32 97 32 83 67 111 114 101 46 0 255 255 16 79 114 32 109 97 121 98 101 32 105 116 32 119 111 117 108 100 32 98 101 32 98 101 116 116 101 114 32 116 111 32 99 97 108 108 32 121 111 117 114 32 99 117 114 114 101 110 116 32 98 111 100 121 32 119 104 97 116 32 105 116 32 105 115 58 32 97 32 112 114 105 115 111 110 46 0 9 225 10 74 82 117 110 0 70 114 101 101 122 101 0 73 110 116 101 114 114 117 112 116 105 110 103 32 121 111 117 114 32 116 104 111 117 103 104 116 115 32 105 115 32 97 32 116 104 117 100 46 0 255 255 16 89 111 117 32 116 114 121 32 116 111 32 114 117 110 44 32 98 117 116 32 116 104 101 32 114 111 98 111 116 32 105 115 32 102 97 115 116 101 114 32 116 104 97 110 32 121 111 117 46 32 89 111 117 32 99 108 111 115 101 32 121 111 117 114 32 101 121 101 115 32 97 110 100 32 97 99 99 101 112 116 32 116 104 101 32 105 110 101 118 105 116 97 98 108 101 46 0 255 255 5 1 128 255 255 16 89 111 117 32 112 114 97 121 32 116 104 97 116 32 119 104 97 116 101 118 101 114 32 109 97 100 101 32 116 104 97 116 32 115 111 117 110 100 32 100 111 101 115 110 39 116 32 115 101 101 32 121 111 117 46 0 255 255 16 84 111 32 121 111 117 114 32 100 105 115 109 97 121 44 32 116 104 101 32 114 111 98 111 116 32 109 111 118 101 115 32 105 116 115 101 108 102 32 98 101 115 105 100 101 32 121 111 117 46 0 255 255 16 89 111 117 32 99 97 110 39 116 32 116 101 108 108 32 119 104 97 116 32 109 111 100 101 108 32 105 116 32 105 115 46 0 255 255 16 65 32 115 116 114 97 110 103 101 32 110 111 105 115 101 32 101 109 97 110 97 116 101 115 32 102 114 111 109 32 100 101 101 112 32 119 105 116 104 105 110 32 116 104 101 32 114 111 98 111 116 46 0 11 119 25 206 34 73 32 100 111 110 39 116 32 119 97 110 116 32 116 111 32 100 105 101 46 34 0 34 87 105 108 108 32 105 116 32 98 101 32 113 117 105 99 107 63 34 0 34 83 116 111 112 32 114 117 110 110 105 110 103 46 32 89 111 117 32 97 114 101 32 100 101 108 97 121 105 110 103 32 116 104 101 32 105 110 101 118 105 116 97 98 108 101 46 34 0 255 255 16 84 104 101 32 114 111 98 111 116 32 119 104 105 114 114 115 46 32 34 77 121 32 115 99 97 110 32 105 110 100 105 99 97 116 101 115 32 121 111 117 32 97 114 101 32 108 121 105 110 103 46 34 0 255 255 16 65 110 100 32 105 116 32 119 97 115 32 114 105 103 104 116 46 0 255 255 16 34 87 104 97 116 32 110 111 119 63 34 32 121 111 117 32 97 115 107 44 32 110 111 116 32 114 101 97 108 108 121 32 119 97 110 116 105 110 103 32 97 110 32 97 110 115 119 101 114 46 0 12 77 12 251 34 87 104 121 32 100 111 32 121 111 117 32 119 97 110 116 32 105 116 63 34 0 87 104 97 116 32 97 98 111 117 116 32 67 97 114 101 121 63 0 34 73 32 116 97 107 101 32 121 111 117 114 32 83 67 111 114 101 46 32 89 111 117 32 100 111 110 39 116 32 114 101 115 105 115 116 46 34 0 255 255 16 34 73 114 114 101 108 101 118 97 110 116 46 34 0 255 255 16 84 104 101 32 114 111 98 111 116 32 103 114 97 98 115 32 121 111 117 32 97 110 100 32 115 108 97 109 115 32 121 111 117 32 116 111 32 116 104 101 32 103 114 111 117 110 100 46 32 73 116 32 114 101 97 99 104 101 115 32 100 111 119 110 32 97 110 100 32 114 105 112 115 32 116 104 101 32 115 104 105 101 108 100 105 110 103 32 111 102 102 32 121 111 117 114 32 83 67 111 114 101 46 0 255 255 16 89 111 117 32 99 108 111 115 101 32 121 111 117 114 32 101 121 101 115 32 97 110 100 32 97 99 99 101 112 116 32 121 111 117 114 32 102 97 116 101 46 0 255 255 5 1 128 255 255 16 73 102 32 121 111 117 32 100 105 101 44 32 67 97 114 101 121 32 105 115 32 108 101 102 116 32 97 108 111 110 101 46 32 89 111 117 32 119 111 117 108 100 110 39 116 32 100 111 32 116 104 97 116 32 116 111 32 116 104 101 109 46 0 255 255 16 73 116 39 115 32 116 104 101 32 111 110 108 121 32 114 101 97 115 111 110 32 121 111 117 32 110 101 118 101 114 32 108 111 111 107 101 100 32 102 111 114 32 97 32 108 111 111 112 104 111 108 101 32 105 110 32 116 104 101 32 112 114 111 103 114 97 109 46 0 255 255 16 89 111 117 32 103 114 97 98 32 116 104 101 32 97 110 100 114 111 105 100 32 111 110 32 116 104 101 32 116 97 98 108 101 32 97 110 100 32 115 108 97 109 32 105 116 32 97 103 97 105 110 115 116 32 116 104 101 32 114 111 98 111 116 46 0 255 255 16 84 104 101 32 114 111 98 111 116 32 115 116 117 109 98 108 101 115 32 98 97 99 107 119 97 114 100 115 46 32 89 111 117 32 109 97 107 101 32 97 32 114 117 110 32 102 111 114 32 105 116 46 0 14 99 15 5 84 104 114 111 119 32 116 104 101 32 100 111 111 114 32 111 112 101 110 0 79 112 101 110 32 116 104 101 32 100 111 111 114 32 113 117 105 101 116 108 121 0 89 111 117 32 114 117 110 32 100 111 119 110 32 116 104 101 32 104 97 108 108 32 116 111 119 97 114 100 32 111 110 101 32 111 102 32 116 104 101 32 115 116 97 105 114 119 101 108 108 115 46 0 255 255 16 89 111 117 32 114 97 99 101 32 117 112 32 116 104 101 32 115 116 97 105 114 115 44 32 116 104 101 32 114 111 98 111 116 32 110 111 116 32 102 97 114 32 98 101 104 105 110 100 46 32 89 111 117 32 105 110 99 114 101 97 115 101 32 121 111 117 114 32 115 112 101 101 100 44 32 98 117 116 32 105 116 32 99 97 116 99 104 101 115 32 121 111 117 32 97 110 121 119 97 121 115 46 0 255 255 16 89 111 117 32 99 108 111 115 101 32 121 111 117 114 32 101 121 101 115 32 97 110 100 32 104 111 112 101 32 105 116 39 115 32 111 118 101 114 32 113 117 105 99 107 108 121 46 0 255 255 5 1 128 255 255 16 89 111 117 32 113 117 105 99 107 108 121 32 109 111 118 101 32 105 110 116 111 32 116 104 101 32 115 116 97 105 114 119 101 108 108 32 97 110 100 32 99 108 111 115 101 32 116 104 101 32 100 111 111 114 32 97 115 32 113 117 105 101 116 108 121 32 97 115 32 112 111 115 115 105 98 108 101 46 0 255 255 16 89 111 117 32 115 116 97 110 100 32 116 104 101 114 101 32 97 110 100 32 108 105 115 116 101 110 46 32 121 111 117 32 104 111 112 101 32 105 116 32 100 105 100 110 39 116 32 115 101 101 32 111 114 32 104 101 97 114 32 119 104 101 114 101 32 121 111 117 32 119 101 110 116 46 0 255 255 16 89 111 117 32 104 101 97 114 32 105 116 32 114 117 110 32 112 97 115 116 32 116 104 101 32 100 111 111 114 32 97 110 100 32 100 111 119 110 32 116 104 101 32 104 97 108 108 46 0 16 37 21 151 72 101 97 100 32 117 112 115 116 97 105 114 115 0 72 101 97 100 32 100 111 119 110 115 116 97 105 114 115 0 89 111 117 32 104 97 118 101 32 110 111 32 100 101 115 105 114 101 32 116 111 32 115 116 97 121 32 111 110 32 116 104 105 115 32 102 108 111 111 114 46 0 255 255 16 89 111 117 32 100 101 99 105 100 101 32 121 111 117 32 115 104 111 117 108 100 32 103 111 32 117 112 115 116 97 105 114 115 32 97 110 100 32 115 101 101 32 105 102 32 121 111 117 32 99 97 110 32 102 105 110 100 32 67 97 114 101 121 46 0 255 255 16 77 97 121 98 101 32 116 111 103 101 116 104 101 114 32 121 111 117 32 99 97 110 32 102 105 110 100 32 97 32 119 97 121 32 116 111 32 115 104 117 116 32 100 111 119 110 32 65 73 79 46 0 255 255 16 79 110 99 101 32 121 111 117 32 103 101 116 32 116 104 101 114 101 32 121 111 117 32 108 111 111 107 32 97 114 111 117 110 100 32 116 111 32 115 101 101 32 105 102 32 121 111 117 32 97 114 101 32 97 108 111 110 101 46 0 17 38 20 12 67 97 114 101 121 39 115 32 108 97 98 0 69 116 101 114 110 105 116 121 32 69 110 103 105 110 101 32 114 111 111 109 0 89 111 117 32 119 111 110 100 101 114 32 119 104 101 114 101 32 116 111 32 115 101 97 114 99 104 32 102 105 114 115 116 46 0 255 255 16 89 111 117 32 100 101 99 105 100 101 32 116 111 32 115 116 97 114 116 32 119 105 116 104 32 67 97 114 101 121 39 115 32 108 97 98 32 97 110 100 32 99 97 114 101 102 117 108 108 121 32 109 97 107 101 32 121 111 117 114 32 119 97 121 32 116 104 101 114 101 46 0 255 255 16 89 111 117 32 112 101 101 114 32 105 110 115 105 100 101 32 97 110 100 32 115 101 101 32 116 104 101 32 116 111 114 110 45 97 112 97 114 116 32 108 97 98 46 0 255 255 16 66 117 116 32 110 111 32 67 97 114 101 121 46 0 255 255 16 89 111 117 32 108 111 111 107 32 97 114 111 117 110 100 32 102 111 114 32 99 108 117 101 115 44 32 98 117 116 32 102 105 110 100 32 110 111 116 104 105 110 103 46 0 255 255 16 89 111 117 32 115 101 101 32 97 32 102 108 121 101 114 32 119 105 116 104 32 119 104 97 116 32 116 111 32 100 111 32 105 110 32 99 97 115 101 32 111 102 32 110 117 99 108 101 97 114 32 97 116 116 97 99 107 46 0 255 255 16 87 104 97 116 32 97 32 102 97 116 32 108 111 116 32 111 102 32 103 111 111 100 32 116 104 97 116 32 100 105 100 46 0 18 135 19 157 72 105 100 101 32 98 101 104 105 110 100 32 116 104 101 32 100 101 115 107 0 84 117 114 110 32 97 114 111 117 110 100 0 89 111 117 32 104 101 97 114 32 97 32 107 45 116 104 117 110 107 32 98 101 104 105 110 100 32 121 111 117 46 0 255 255 16 89 111 117 32 104 105 100 101 32 98 101 104 105 110 100 32 116 104 101 32 100 101 115 107 44 32 104 111 112 105 110 103 32 116 104 101 32 114 111 98 111 116 32 100 105 100 110 39 116 32 115 101 101 32 121 111 117 46 0 255 255 16 89 111 117 32 115 101 101 32 97 32 98 111 111 107 108 101 116 32 102 111 114 32 116 104 101 32 65 82 75 32 112 114 111 106 101 99 116 46 32 34 65 117 116 111 109 97 116 105 99 32 82 101 115 116 97 114 116 32 114 111 99 75 101 116 46 34 0 255 255 16 87 104 97 116 32 97 32 115 105 108 108 121 32 97 99 114 111 110 121 109 46 0 255 255 16 66 117 116 32 105 116 32 103 111 116 32 100 97 109 97 103 101 100 32 105 110 32 116 104 101 32 119 97 114 46 32 73 116 32 109 105 103 104 116 39 118 101 32 98 101 101 110 32 104 101 108 112 102 117 108 46 0 255 255 16 89 111 117 32 104 101 97 114 32 97 32 116 104 117 110 107 32 97 110 100 32 114 101 97 108 105 122 101 32 121 111 117 39 118 101 32 98 101 101 110 32 100 105 115 99 111 118 101 114 101 100 46 0 255 255 5 14 205 255 255 16 84 104 101 32 114 111 98 111 116 32 115 108 97 109 115 32 105 110 116 111 32 121 111 117 32 97 110 100 32 121 111 117 32 102 97 108 108 32 116 111 32 116 104 101 32 103 114 111 117 110 100 46 0 255 255 16 89 111 117 32 99 108 111 115 101 32 121 111 117 114 32 101 121 101 115 32 97 110 100 32 97 99 99 101 112 116 32 116 104 101 32 105 110 101 118 105 116 97 98 108 101 46 0 255 255 5 1 128 255 255 16 67 97 114 101 121 32 105 115 32 112 114 111 98 97 98 108 121 32 119 111 114 107 105 110 103 32 105 110 32 116 104 101 32 69 116 101 114 110 105 116 121 32 69 110 103 105 110 101 32 114 111 111 109 46 0 255 255 16 73 102 32 116 104 101 121 32 99 111 117 108 100 32 103 101 116 32 116 104 101 32 100 97 121 32 116 111 32 108 111 111 112 44 32 121 111 117 32 116 119 111 32 109 105 103 104 116 32 98 101 32 97 98 108 101 32 116 111 32 102 105 110 100 32 97 32 119 97 121 32 111 117 116 32 111 102 32 116 104 105 115 32 109 101 115 115 46 0 255 255 16 89 111 117 32 109 97 107 101 32 105 116 32 116 104 101 114 101 32 119 105 116 104 111 117 116 32 105 110 99 105 100 101 110 116 46 32 89 111 117 32 111 112 101 110 32 116 104 101 32 100 111 111 114 46 0 255 255 16 66 76 65 77 33 0 255 255 16 89 111 117 32 108 111 111 107 32 100 111 119 110 32 97 110 100 32 115 101 101 32 97 32 103 97 112 105 110 103 32 104 111 108 101 32 105 110 32 121 111 117 114 32 99 104 101 115 116 46 32 89 111 117 32 102 97 108 108 32 98 97 99 107 119 97 114 100 115 46 0 255 255 16 67 97 114 101 121 32 99 114 105 101 115 32 34 76 117 120 44 32 73 32 100 105 100 110 39 116 32 107 110 111 119 32 105 116 32 119 97 115 32 121 111 117 33 34 0 255 255 16 89 111 117 32 99 108 111 115 101 32 121 111 117 114 32 101 121 101 115 32 97 115 32 121 111 117 114 32 116 104 111 117 103 104 116 115 32 102 97 100 101 32 97 119 97 121 46 0 255 255 5 1 128 255 255 16 89 111 117 32 99 97 114 101 102 117 108 108 121 32 104 101 97 100 32 100 111 119 110 32 116 104 101 32 115 116 97 105 114 115 46 0 255 255 16 79 110 99 101 32 121 111 117 32 114 101 97 99 104 32 116 104 101 32 98 97 115 101 109 101 110 116 44 32 121 111 117 32 114 101 97 108 105 122 101 32 116 104 101 32 108 105 103 104 116 32 97 114 101 32 111 102 102 46 0 255 255 16 89 111 117 32 115 101 101 32 97 32 108 105 103 104 116 32 97 116 32 116 104 101 32 101 110 100 32 111 102 32 116 104 101 32 104 97 108 108 44 32 99 111 109 105 110 103 32 102 114 111 109 32 121 111 117 114 32 112 114 105 118 97 116 101 32 108 97 98 46 0 16 37 22 117 76 101 97 118 101 0 73 110 118 101 115 116 105 103 97 116 101 0 83 104 111 117 108 100 32 121 111 117 32 99 104 101 99 107 32 105 116 32 111 117 116 63 0 255 255 16 89 111 117 32 109 117 115 116 32 109 97 107 101 32 115 117 114 101 32 121 111 117 114 32 100 97 116 97 32 105 115 32 115 97 102 101 46 0 255 255 16 89 111 117 32 104 101 97 100 32 100 111 119 110 32 116 104 101 32 104 97 108 108 32 116 111 119 97 114 100 115 32 121 111 117 114 32 108 97 98 46 32 89 111 117 32 104 101 97 114 32 116 104 101 32 115 111 117 110 100 32 111 102 32 97 32 114 111 98 111 116 32 99 111 109 105 110 103 32 102 114 111 109 32 116 104 97 116 32 100 105 114 101 99 116 105 111 110 46 0 255 255 16 73 102 32 65 73 79 32 100 101 108 101 116 101 115 32 116 104 97 116 32 100 97 116 97 44 32 105 116 39 115 32 111 118 101 114 46 32 72 117 109 97 110 105 116 121 32 119 105 108 108 32 110 101 118 101 114 32 97 103 97 105 110 32 119 97 108 107 32 116 104 101 32 69 97 114 116 104 46 0 255 255 16 73 110 115 105 100 101 32 121 111 117 114 32 108 97 98 32 105 115 32 97 32 115 101 114 118 105 99 101 32 97 110 100 114 111 105 100 46 32 89 111 117 32 116 104 111 117 103 104 116 32 116 104 101 121 32 104 97 100 32 97 108 108 32 98 101 101 110 32 100 101 115 116 114 111 121 101 100 46 0 24 5 24 220 34 66 117 116 32 105 116 39 115 32 112 111 115 115 105 98 108 101 33 34 0 34 77 97 121 98 101 32 121 111 117 39 114 101 32 114 105 103 104 116 46 34 0 73 116 32 115 97 121 115 32 34 72 117 109 97 110 105 116 121 32 99 97 110 32 110 101 118 101 114 32 114 101 116 117 114 110 32 116 111 32 69 97 114 116 104 46 34 0 255 255 16 84 104 101 32 97 110 100 114 111 105 100 32 115 116 97 116 101 115 32 34 73 110 99 111 114 114 101 99 116 46 34 0 255 255 16 89 111 117 32 121 101 108 108 32 34 87 104 121 32 110 111 116 63 32 89 111 117 32 119 101 114 101 32 112 114 111 103 114 97 109 109 101 100 32 116 111 32 104 101 108 112 32 104 117 109 97 110 105 116 121 44 32 119 104 97 116 32 104 97 112 112 101 110 101 100 32 116 111 32 121 111 117 63 34 0 255 255 16 73 116 32 114 101 112 108 105 101 115 32 34 77 121 32 111 98 106 101 99 116 105 118 101 32 99 104 97 110 103 101 100 46 34 0 255 255 16 73 116 32 97 116 116 97 99 107 115 32 121 111 117 32 97 110 100 32 116 101 97 114 115 32 121 111 117 114 32 83 67 111 114 101 32 115 104 105 101 108 100 105 110 103 32 111 102 102 46 0 255 255 5 14 205 255 255 16 84 104 101 32 97 110 100 114 111 105 100 32 112 97 117 115 101 115 46 32 84 104 101 110 32 105 116 32 115 97 121 115 32 34 89 111 117 32 97 114 101 32 97 32 115 116 114 97 110 103 101 32 104 117 109 97 110 46 34 0 255 255 16 34 65 109 32 73 32 101 118 101 110 32 104 117 109 97 110 32 97 110 121 109 111 114 101 63 32 73 32 100 111 110 39 116 32 101 118 101 110 32 114 101 109 101 109 98 101 114 32 119 104 97 116 32 99 111 102 102 101 101 32 116 97 115 116 101 115 32 108 105 107 101 46 34 0 255 255 16 84 104 101 32 97 110 100 114 111 105 100 32 100 111 101 115 110 39 116 32 97 110 115 119 101 114 46 32 73 116 32 108 117 110 103 101 115 32 97 116 32 121 111 117 32 97 110 100 32 114 105 112 115 32 116 104 101 32 115 104 105 101 108 100 105 110 103 32 111 102 102 32 121 111 117 114 32 83 67 111 114 101 32 119 105 116 104 32 101 97 115 101 46 0 255 255 5 12 201 255 255 16 73 116 32 115 97 121 115 32 34 73 116 32 100 101 112 101 110 100 115 32 104 111 119 32 108 111 110 103 32 116 104 101 32 114 101 115 105 100 117 97 108 32 101 110 101 114 103 121 32 108 97 115 116 115 46 34 0 255 255 5 14 205 255 255 16 89 111 117 32 107 101 101 112 32 108 111 111 107 105 110 103 44 32 104 111 112 105 110 103 32 116 111 32 102 105 110 100 32 115 111 109 101 116 104 105 110 103 46 0 255 255 16 89 111 117 32 97 114 101 32 97 98 111 117 116 32 116 111 32 103 105 118 101 32 117 112 32 119 104 101 110 32 121 111 117 32 102 105 110 100 32 97 32 83 67 111 114 101 32 116 101 115 116 105 110 103 32 114 111 111 109 46 32 77 97 121 98 101 32 121 111 117 32 99 111 117 108 100 32 116 117 114 110 32 111 110 101 32 105 110 116 111 32 97 32 98 111 109 98 46 0 255 255 16 65 108 108 32 121 111 117 32 99 97 110 32 102 105 110 100 32 105 115 32 97 110 32 101 109 112 116 121 32 83 67 111 114 101 46 0 255 255 16 65 115 32 121 111 117 32 119 97 108 107 32 111 117 116 32 111 102 32 116 104 101 32 114 111 111 109 32 121 111 117 32 115 112 111 116 32 97 32 114 111 98 111 116 32 99 111 109 105 110 103 32 97 114 111 117 110 100 32 116 104 101 32 99 111 114 110 101 114 46 0 255 255 5 9 225 255 255 16 72 111 112 101 102 117 108 108 121 32 67 97 114 101 121 32 105 115 32 115 97 102 101 46 0 255 255 16 89 111 117 32 104 101 97 100 32 117 112 32 116 111 32 116 104 101 32 115 101 99 111 110 100 32 102 108 111 111 114 44 32 115 105 110 99 101 32 116 104 97 116 39 115 32 119 104 101 114 101 32 116 104 101 121 32 111 102 116 101 110 32 97 114 101 44 32 116 114 121 105 110 103 32 116 111 32 109 97 107 101 32 97 115 32 108 105 116 116 108 101 32 110 111 105 115 101 32 97 115 32 112 111 115 115 105 98 108 101 46 0 255 255 16 65 115 32 121 111 117 32 114 101 97 99 104 32 116 104 101 32 108 97 110 100 105 110 103 44 32 121 111 117 32 115 101 101 32 116 104 101 32 100 111 111 114 32 111 112 101 110 46 0 27 255 29 10 70 108 101 101 0 67 104 97 114 103 101 32 97 104 101 97 100 0 89 111 117 32 102 114 101 101 122 101 46 0 255 255 16 89 111 117 32 98 111 108 116 32 100 111 119 110 32 116 104 101 32 115 116 97 105 114 115 46 32 79 110 99 101 32 111 110 32 116 104 101 32 102 105 114 115 116 32 102 108 111 111 114 44 32 121 111 117 32 115 112 114 105 110 116 32 100 111 119 110 32 116 104 101 32 104 97 108 108 119 97 121 46 0 255 255 16 89 111 117 32 103 108 97 110 99 101 32 116 111 32 115 101 101 32 105 102 32 121 111 117 39 118 101 32 98 101 101 110 32 102 111 108 108 111 119 101 100 45 0 255 255 16 65 110 100 32 114 117 110 32 115 116 114 97 105 103 104 116 32 105 110 116 111 32 97 110 111 116 104 101 114 32 114 111 98 111 116 46 0 255 255 16 73 116 39 115 32 115 105 110 103 108 101 32 101 121 101 32 103 108 97 114 101 115 32 100 111 119 110 32 97 116 32 121 111 117 46 32 73 116 32 103 114 97 98 115 32 121 111 117 32 98 121 32 116 104 101 32 110 101 99 107 32 97 110 100 32 104 111 105 115 116 115 32 121 111 117 32 105 110 116 111 32 116 104 101 32 97 105 114 46 0 255 255 5 19 213 255 255 16 89 111 117 32 99 104 97 114 103 101 32 117 112 32 116 104 101 32 115 116 97 105 114 115 44 32 112 97 115 116 32 116 104 101 32 114 111 98 111 116 44 32 97 110 100 32 100 111 119 110 32 116 104 101 32 104 97 108 108 46 0 255 255 16 89 111 117 32 114 117 110 32 105 110 116 111 32 116 104 101 32 102 105 114 115 116 32 114 111 111 109 32 121 111 117 32 115 101 101 44 32 115 108 97 109 32 116 104 101 32 100 111 111 114 32 115 104 117 116 44 32 97 110 100 32 108 111 99 107 32 105 116 46 0 255 255 16 89 111 117 32 108 111 111 107 32 97 114 111 117 110 100 46 32 77 97 121 98 101 32 116 104 101 114 101 39 115 32 115 111 109 101 116 104 105 110 103 32 121 111 117 32 99 97 110 32 117 115 101 32 116 111 32 98 97 114 114 105 99 97 100 101 32 116 104 101 32 100 111 111 114 46 0 255 255 16 65 32 100 101 115 107 32 99 97 116 99 104 101 115 32 121 111 117 114 32 101 121 101 44 32 97 110 100 32 121 111 117 32 115 104 111 118 101 32 105 116 32 97 103 97 105 110 115 116 32 116 104 101 32 100 111 111 114 46 0 30 89 31 69 84 104 114 111 117 103 104 32 116 104 101 32 118 101 110 116 0 84 104 114 111 117 103 104 32 116 104 101 32 119 105 110 100 111 119 0 78 111 119 44 32 116 111 32 101 115 99 97 112 101 33 0 255 255 16 89 111 117 32 103 101 116 32 111 110 32 97 32 116 97 98 108 101 32 97 110 100 32 112 117 108 108 32 121 111 117 114 115 101 108 102 32 117 112 32 105 110 116 111 32 116 104 101 32 118 101 110 116 46 0 255 255 16 89 111 117 32 115 116 97 114 116 32 116 111 32 99 114 97 119 108 32 100 111 119 110 32 116 104 101 32 118 101 110 116 44 32 98 117 116 32 113 117 105 99 107 108 121 32 114 101 97 108 105 122 101 32 116 104 97 116 32 105 116 32 119 97 115 110 39 116 32 109 97 100 101 32 116 111 32 104 111 108 100 32 116 104 97 116 32 109 117 99 104 32 119 101 105 103 104 116 46 0 255 255 16 89 111 117 32 102 97 108 108 32 116 104 114 111 117 103 104 32 97 110 100 32 102 105 110 100 32 121 111 117 114 115 101 108 102 32 102 97 99 101 45 116 111 45 102 97 99 101 32 119 105 116 104 32 121 111 117 114 32 112 117 114 115 117 101 114 46 0 255 255 5 12 201 255 255 16 66 101 102 111 114 101 32 121 111 117 32 99 97 110 32 99 104 97 110 103 101 32 121 111 117 114 32 109 105 110 100 44 32 121 111 117 32 116 104 114 111 119 32 121 111 117 114 115 101 108 102 32 116 104 114 111 117 103 104 32 116 104 101 32 119 105 110 100 111 119 46 0 255 255 16 89 111 117 32 104 105 116 32 116 104 101 32 103 114 111 117 110 100 32 119 105 116 104 32 97 32 116 104 117 100 46 0 255 255 16 89 111 117 32 116 114 121 32 116 111 32 103 101 116 32 117 112 44 32 98 117 116 32 121 111 117 32 99 97 110 39 116 46 32 89 111 117 32 108 97 110 100 101 100 32 111 110 32 121 111 117 114 32 108 101 103 32 119 114 111 110 103 32 97 110 100 32 98 114 111 107 101 32 105 116 46 0 255 255 16 89 111 117 32 116 117 114 110 32 111 118 101 114 32 97 110 100 32 115 116 97 114 116 32 116 111 32 99 114 97 119 108 32 97 119 97 121 46 0 255 255 16 65 32 114 111 98 111 116 32 104 101 97 114 100 32 121 111 117 44 32 97 110 100 32 121 111 117 32 104 101 97 114 32 108 111 117 100 32 116 104 117 110 107 115 32 97 115 32 105 116 32 114 117 110 115 32 116 111 119 97 114 100 32 121 111 117 46 0 255 255 5 14 205 255 255 16 89 111 117 32 111 112 101 110 32 116 104 101 32 100 111 111 114 32 113 117 105 101 116 108 121 32 97 110 100 32 108 105 115 116 101 110 32 102 111 114 32 116 104 101 32 115 111 117 110 100 32 111 102 32 102 111 111 116 102 97 108 108 46 0 255 255 16 83 105 108 101 110 99 101 46 0 255 255 16 89 111 117 32 104 101 97 100 32 116 111 32 116 104 101 32 110 101 97 114 101 115 116 32 115 116 97 105 114 119 101 108 108 46 0 33 37 37 143 72 101 97 100 32 117 112 115 116 97 105 114 115 0 72 101 97 100 32 100 111 119 110 115 116 97 105 114 115 0 87 104 101 114 101 32 99 111 117 108 100 32 67 97 114 101 121 32 98 101 63 0 255 255 16 89 111 117 32 104 101 97 100 32 117 112 115 116 97 105 114 115 32 119 104 105 108 101 32 116 114 121 105 110 103 32 116 111 32 109 97 107 101 32 110 111 32 110 111 105 115 101 46 0 255 255 16 79 110 99 101 32 111 110 32 116 104 101 32 115 101 99 111 110 100 32 102 108 111 111 114 44 32 121 111 117 32 100 101 99 105 100 101 32 116 111 32 108 111 111 107 32 105 110 32 67 97 114 101 121 39 115 32 108 97 98 32 102 105 114 115 116 46 0 255 255 16 89 111 117 32 99 114 101 101 112 32 100 111 119 110 32 116 104 101 32 104 97 108 108 32 119 104 105 108 101 32 107 101 101 112 105 110 103 32 97 110 32 101 121 101 32 111 117 116 32 102 111 114 32 109 111 118 101 109 101 110 116 46 0 255 255 16 89 111 117 32 109 97 107 101 32 105 116 32 116 111 32 121 111 117 114 32 112 97 114 116 110 101 114 39 115 32 108 97 98 46 32 73 110 115 105 100 101 32 105 115 32 97 32 109 101 115 115 46 0 34 109 36 90 69 120 97 109 105 110 101 32 99 111 109 112 117 116 101 114 0 69 120 97 109 105 110 101 32 119 104 105 116 101 98 111 97 114 100 0 69 120 99 101 112 116 32 102 111 114 32 116 104 101 32 99 111 109 112 117 116 101 114 32 97 110 100 32 116 104 101 32 119 104 105 116 101 98 111 97 114 100 46 0 255 255 16 65 116 32 116 104 101 32 99 111 109 112 117 116 101 114 32 121 111 117 32 114 101 97 100 32 119 104 97 116 39 115 32 116 104 101 114 101 46 0 255 255 16 73 116 39 115 32 99 111 100 101 46 32 70 111 114 32 119 104 97 116 44 32 121 111 117 32 100 111 110 39 116 32 107 110 111 119 46 0 255 255 16 66 101 102 111 114 101 32 121 111 117 32 103 105 118 101 32 117 112 32 111 110 32 105 110 116 101 114 112 114 101 116 105 110 103 32 105 116 44 32 121 111 117 32 115 101 101 32 116 104 101 32 119 111 114 100 115 32 34 108 111 103 105 99 32 98 111 109 98 34 32 97 110 100 32 34 65 73 79 34 32 111 110 32 111 110 101 32 108 105 110 101 32 111 102 32 99 111 100 101 46 0 255 255 16 34 65 114 116 105 102 105 99 105 97 108 32 73 110 116 101 108 108 105 103 101 110 99 101 32 79 112 101 114 97 116 111 114 34 32 111 114 32 34 65 73 79 46 34 32 73 116 32 119 97 115 32 109 97 100 101 32 116 111 32 119 97 116 99 104 32 104 117 109 97 110 105 116 121 32 97 110 100 32 115 117 103 103 101 115 116 32 116 104 101 32 98 101 115 116 32 114 111 117 116 101 32 102 111 114 32 103 114 111 119 116 104 46 0 255 255 16 65 110 100 32 110 111 119 32 116 104 101 114 101 32 97 114 101 32 111 110 108 121 32 116 119 111 32 111 102 32 121 111 117 32 108 101 102 116 46 0 255 255 16 89 111 117 32 104 101 97 114 32 116 104 101 32 100 111 111 114 32 98 101 105 110 103 32 102 111 114 99 101 100 32 111 112 101 110 44 32 119 104 105 114 108 32 97 114 111 117 110 100 44 32 97 110 100 32 102 105 110 100 32 121 111 117 114 115 101 108 102 32 102 97 99 105 110 103 32 97 32 103 105 97 110 116 32 114 111 98 111 116 46 0 255 255 16 73 116 32 103 114 97 98 115 32 121 111 117 32 97 110 100 32 115 108 97 109 115 32 121 111 117 32 97 103 97 105 110 115 116 32 116 104 101 32 119 97 108 108 46 0 255 255 5 12 201 255 255 16 89 111 117 32 114 101 97 108 105 122 101 32 105 116 39 115 32 116 104 101 32 115 99 104 101 109 97 116 105 99 32 102 111 114 32 116 104 101 32 69 116 101 114 110 105 116 121 32 69 110 103 105 110 101 46 0 255 255 16 73 116 32 119 97 115 32 115 117 112 112 111 115 101 100 32 116 111 32 116 97 107 101 32 121 111 117 32 98 97 99 107 32 105 110 32 116 105 109 101 44 32 98 101 102 111 114 101 32 116 104 101 32 119 97 114 46 0 255 255 16 66 117 116 32 105 116 32 99 111 117 108 100 32 111 110 108 121 32 114 101 116 117 114 110 32 121 111 117 32 116 111 32 97 32 34 115 116 97 114 116 105 110 103 32 112 111 105 110 116 34 32 115 101 116 32 115 105 110 99 101 32 105 116 32 119 97 115 32 98 117 105 108 116 46 0 255 255 16 89 111 117 32 103 117 101 115 115 32 115 111 109 101 32 116 104 105 110 103 115 32 119 101 114 101 32 110 101 118 101 114 32 109 101 97 110 116 32 116 111 32 98 101 46 0 255 255 16 83 111 109 101 116 104 105 110 103 32 103 114 97 98 115 32 121 111 117 32 97 110 100 32 115 108 97 109 115 32 121 111 117 32 97 103 97 105 110 115 116 32 116 104 101 32 103 114 111 117 110 100 46 0 255 255 5 14 205 255 255 16 73 110 32 116 104 101 32 98 97 115 101 109 101 110 116 32 121 111 117 32 110 111 116 105 99 101 32 116 104 101 32 108 105 103 104 116 115 32 97 114 101 32 102 108 105 99 107 101 114 105 110 103 46 0 255 255 16 87 111 114 114 105 101 100 32 65 73 79 32 109 105 103 104 116 32 98 101 32 116 114 121 105 110 103 32 116 111 32 116 97 109 112 101 114 32 119 105 116 104 32 116 104 101 32 103 101 110 101 114 97 116 111 114 44 32 121 111 117 32 114 97 99 101 32 100 111 119 110 32 116 104 101 32 104 97 108 108 32 97 115 32 102 97 115 116 32 97 115 32 121 111 117 32 99 97 110 46 0 255 255 16 84 104 101 114 101 44 32 121 111 117 32 110 111 116 105 99 101 32 115 101 118 101 114 97 108 32 115 109 97 108 108 32 114 111 98 111 116 115 32 116 97 109 112 101 114 105 110 103 32 119 105 116 104 32 116 104 101 32 103 101 110 101 114 97 116 111 114 46 0 38 178 39 174 76 101 97 118 101 32 119 104 105 108 101 32 121 111 117 32 99 97 110 0 80 105 99 107 32 117 112 32 116 104 101 32 112 105 112 101 0 89 111 117 32 115 112 111 116 32 97 32 112 105 112 101 46 0 255 255 16 89 111 117 32 116 117 114 110 32 113 117 105 101 116 108 121 32 97 110 100 32 104 101 97 100 32 98 97 99 107 32 116 104 101 32 119 97 121 32 121 111 117 32 99 97 109 101 46 0 255 255 16 84 104 101 32 108 105 103 104 116 115 32 103 111 32 111 117 116 46 0 255 255 16 89 111 117 32 104 101 97 100 32 115 107 105 116 116 101 114 105 110 103 32 110 111 105 115 101 115 32 103 101 116 116 105 110 103 32 108 111 117 100 101 114 46 0 255 255 16 65 110 100 32 121 111 117 32 100 111 110 39 116 32 104 97 118 101 32 116 104 101 32 110 105 103 104 116 45 118 105 115 105 111 110 32 109 111 100 46 0 255 255 16 83 111 109 101 116 104 105 110 103 32 103 114 97 98 115 32 121 111 117 114 32 108 101 103 46 32 89 111 117 32 104 101 97 114 32 116 104 101 32 115 111 117 110 100 32 116 111 32 109 101 116 97 108 32 115 99 114 97 112 105 110 103 32 109 101 116 97 108 46 32 89 111 117 32 102 97 108 108 46 0 255 255 5 19 213 255 255 16 89 111 117 32 103 114 97 98 32 116 104 101 32 112 105 112 101 32 97 110 100 32 115 119 105 110 103 32 105 116 32 97 116 32 97 32 114 111 98 111 116 46 32 73 116 32 103 111 101 115 32 102 108 121 105 110 103 32 97 110 100 32 104 105 116 115 32 97 32 119 97 108 108 44 32 98 114 101 97 107 105 110 103 32 111 110 32 105 109 112 97 99 116 46 0 255 255 16 89 111 117 32 116 104 101 110 32 100 111 32 116 104 101 32 115 97 109 101 32 116 111 32 116 104 101 32 111 116 104 101 114 115 46 0 255 255 16 87 104 101 110 32 121 111 117 32 97 114 101 32 100 111 110 101 44 32 121 111 117 32 97 115 115 101 115 115 32 116 104 101 32 100 97 109 97 103 101 46 0 255 255 16 73 116 32 115 101 101 109 115 32 116 104 101 121 32 111 110 108 121 32 109 97 110 97 103 101 100 32 116 111 32 100 97 109 97 103 101 32 97 32 102 101 119 32 119 105 114 101 115 46 0 255 255 16 89 111 117 32 103 114 97 98 32 116 104 101 32 112 97 116 99 104 32 107 105 116 32 97 110 100 32 109 101 110 100 32 116 104 101 32 119 105 114 101 115 46 0 41 33 43 197 69 120 112 108 111 114 101 32 116 104 101 32 98 97 115 101 109 101 110 116 0 71 111 32 116 111 32 116 104 101 32 115 101 99 111 110 100 32 102 108 111 111 114 0 84 111 32 99 111 110 116 105 110 117 101 32 121 111 117 114 32 115 101 97 114 99 104 32 102 111 114 32 121 111 117 114 32 112 97 114 116 110 101 114 46 0 255 255 16 89 111 117 32 107 101 101 112 32 115 101 97 114 99 104 105 110 103 32 116 104 101 32 98 97 115 101 109 101 110 116 46 32 77 97 121 98 101 32 67 97 114 101 121 32 105 115 32 105 110 32 121 111 117 114 32 108 97 98 63 0 255 255 16 89 111 117 32 104 101 97 100 32 116 104 101 114 101 44 32 108 105 115 116 101 110 105 110 103 32 102 111 114 32 97 110 121 32 110 111 105 115 101 46 0 255 255 16 87 104 101 110 32 121 111 117 32 101 110 116 101 114 32 121 111 117 114 32 108 97 98 44 32 121 111 117 32 97 114 101 32 115 101 101 32 97 32 115 101 114 118 105 99 101 32 97 110 100 114 111 105 100 46 0 42 73 43 101 34 87 104 97 116 32 100 97 116 97 63 34 0 34 89 111 117 39 114 101 32 109 97 108 102 117 110 99 116 105 111 110 105 110 103 46 34 0 73 116 32 97 115 107 115 32 34 87 104 97 116 32 100 105 100 32 121 111 117 32 104 111 112 101 32 116 111 32 97 99 99 111 109 112 108 105 115 104 63 32 67 97 110 32 121 111 117 32 110 111 116 32 99 111 109 112 114 101 104 101 110 100 32 116 104 101 32 100 97 116 97 32 98 101 102 111 114 101 32 121 111 117 63 34 0 255 255 16 73 116 32 112 111 105 110 116 115 32 97 116 32 116 104 101 32 115 99 114 101 101 110 32 97 110 100 32 115 97 121 115 32 34 69 97 114 116 104 32 119 105 108 108 32 110 101 118 101 114 32 98 101 32 104 97 98 105 116 97 98 108 101 32 97 103 97 105 110 46 34 0 255 255 16 65 73 79 32 119 97 115 32 112 114 111 98 97 98 108 121 32 114 105 103 104 116 44 32 98 117 116 32 121 111 117 32 98 101 108 105 101 118 101 100 32 116 104 101 114 101 32 119 97 115 32 104 111 112 101 46 0 255 255 16 79 116 104 101 114 119 105 115 101 44 32 119 104 97 116 39 115 32 116 104 101 32 112 111 105 110 116 32 111 102 32 105 109 109 111 114 116 97 108 105 116 121 63 0 255 255 16 73 116 32 115 101 110 115 101 115 32 121 111 117 114 32 104 101 115 105 116 97 116 105 111 110 32 97 110 100 32 97 116 116 97 99 107 115 44 32 112 105 110 110 105 110 103 32 121 111 117 32 100 111 119 110 32 98 101 102 111 114 101 32 121 111 117 32 99 97 110 32 101 118 101 110 32 98 108 105 110 107 46 0 255 255 16 102 97 116 101 49 101 110 100 105 110 103 49 0 255 255 16 84 104 101 32 97 110 100 114 111 105 100 32 115 97 121 115 32 34 72 117 109 97 110 105 116 121 39 115 32 102 117 116 117 114 101 32 105 115 32 110 111 116 32 111 110 32 69 97 114 116 104 46 34 0 255 255 16 84 104 101 110 32 105 116 32 97 116 116 97 99 107 115 32 121 111 117 46 0 255 255 16 114 117 110 49 101 110 100 105 110 103 49 0 255 255 16 67 97 114 101 121 32 112 114 111 98 97 98 108 121 32 105 115 110 39 116 32 104 101 114 101 46 32 89 111 117 32 104 101 97 100 32 116 111 119 97 114 100 115 32 116 104 101 32 115 101 99 111 110 100 32 102 108 111 111 114 46 0 255 255 16 65 115 32 121 111 117 32 119 97 108 107 32 121 111 117 32 119 111 110 100 101 114 32 105 102 32 121 111 117 32 98 111 117 103 104 116 32 116 104 101 32 116 119 111 32 111 102 32 121 111 117 32 97 110 121 32 116 105 109 101 46 0 255 255 16 79 114 32 119 101 114 101 32 121 111 117 32 100 101 108 97 121 105 110 103 32 116 104 101 32 105 110 101 118 105 116 97 98 108 101 63 0 44 197 48 234 69 116 101 114 110 105 116 121 32 69 110 103 105 110 101 32 114 111 111 109 0 67 97 114 101 121 39 115 32 108 97 98 0 79 110 99 101 32 116 104 101 114 101 44 32 121 111 117 32 116 114 121 32 116 111 32 100 101 99 105 100 101 32 119 104 101 114 101 32 116 111 32 103 111 32 102 105 114 115 116 46 0 255 255 16 89 111 117 32 104 101 97 100 32 116 111 119 97 114 100 115 32 116 104 101 32 69 116 101 114 110 105 116 121 32 69 110 103 105 110 101 32 114 111 111 109 44 32 107 101 101 112 105 110 103 32 97 110 32 101 121 101 32 111 117 116 32 102 111 114 32 97 110 121 32 114 111 98 111 116 115 46 0 255 255 16 89 111 117 32 115 116 101 101 108 32 121 111 117 114 115 101 108 102 32 97 110 100 32 99 97 114 101 102 117 108 108 121 32 111 112 101 110 32 116 104 101 32 100 111 111 114 46 0 255 255 16 70 114 97 110 116 105 99 97 108 108 121 32 119 111 114 107 105 110 103 32 111 110 32 116 104 101 32 100 101 118 105 99 101 32 105 115 32 67 97 114 101 121 46 0 255 255 16 89 111 117 32 119 104 105 115 112 101 114 32 116 104 101 105 114 32 110 97 109 101 32 97 110 100 32 116 104 101 105 114 32 104 101 97 100 32 115 104 111 111 116 115 32 117 112 46 32 84 104 101 121 32 108 111 111 107 32 114 101 108 105 101 118 101 100 46 0 255 255 16 34 76 117 120 44 32 121 111 117 39 114 101 32 115 97 102 101 33 32 73 32 119 97 115 32 119 111 114 114 105 101 100 33 34 32 84 104 101 121 32 112 97 117 115 101 44 32 116 104 101 110 32 115 97 121 32 34 73 32 116 104 105 110 107 32 73 32 115 101 116 32 97 32 115 116 97 114 116 105 110 103 32 112 111 105 110 116 32 97 110 100 32 97 100 100 101 100 32 121 111 117 44 32 100 105 100 32 105 116 32 119 111 114 107 63 34 0 255 255 16 89 111 117 32 110 111 100 46 32 34 84 104 111 117 103 104 32 109 121 32 109 101 109 111 114 121 32 103 101 116 115 32 106 117 109 98 108 101 100 45 34 0 255 255 16 67 97 114 101 121 39 115 32 101 121 101 115 32 119 105 100 101 110 46 0 46 206 47 173 82 117 110 32 116 111 32 67 97 114 101 121 39 115 32 115 105 100 101 0 70 97 99 101 32 65 73 79 0 89 111 117 32 100 117 99 107 32 97 115 32 97 32 104 117 103 101 32 114 111 98 111 116 32 115 119 105 110 103 115 32 105 116 115 32 97 114 109 115 32 97 116 32 121 111 117 46 0 255 255 16 89 111 117 32 100 111 100 103 101 32 116 104 101 32 114 111 98 111 116 32 97 103 97 105 110 32 97 115 32 121 111 117 32 114 97 99 101 32 116 111 119 97 114 100 115 32 67 97 114 101 121 46 0 255 255 16 84 104 101 121 32 114 97 105 115 101 32 97 32 98 108 97 115 116 101 114 32 116 111 119 97 114 100 32 121 111 117 46 0 255 255 16 67 97 114 101 121 32 115 97 121 100 32 115 111 109 101 116 104 105 110 103 44 32 98 117 116 32 97 32 110 111 105 115 101 32 102 114 111 109 32 116 104 101 32 114 111 98 111 116 32 100 114 111 119 110 115 32 116 104 101 109 32 111 117 116 46 0 255 255 16 66 76 65 77 33 0 255 255 16 67 97 114 101 121 32 104 97 115 32 115 104 111 116 32 121 111 117 32 97 110 100 32 116 104 101 32 114 111 98 111 116 32 98 101 104 105 110 100 32 121 111 117 46 0 255 255 5 21 95 255 255 16 89 111 117 32 102 114 97 110 116 105 99 97 108 108 121 32 108 111 111 107 32 102 111 114 32 115 111 109 101 116 104 105 110 103 32 121 111 117 32 99 111 117 108 100 32 117 115 101 32 97 115 32 97 32 119 101 97 112 111 110 46 0 255 255 16 67 97 114 101 121 32 121 101 108 108 115 32 34 76 117 120 44 32 99 97 116 99 104 33 34 0 255 255 16 89 111 117 32 108 111 111 107 32 117 112 32 106 117 115 116 32 105 110 32 116 105 109 101 32 116 111 32 115 101 101 32 116 104 101 109 32 116 111 115 115 32 121 111 117 32 97 32 98 108 97 115 116 101 114 46 0 255 255 16 65 115 32 121 111 117 32 116 114 121 32 116 111 32 99 97 116 99 104 32 105 116 32 116 104 101 32 114 111 98 111 116 32 115 108 97 109 115 32 105 110 116 111 32 121 111 117 44 32 115 101 110 100 105 110 103 32 121 111 117 32 102 108 121 105 110 103 46 0 255 255 16 89 111 117 32 104 105 116 32 116 104 101 32 119 97 108 108 32 119 105 116 104 32 97 32 116 104 117 100 46 0 255 255 16 66 101 102 111 114 101 32 121 111 117 32 99 97 110 32 114 101 97 99 116 44 32 116 104 101 32 114 111 98 111 116 32 105 115 32 111 110 32 116 111 112 32 111 102 32 121 111 117 46 0 255 255 5 14 205 255 255 16 65 115 32 121 111 117 32 104 101 97 100 32 116 111 119 97 114 100 115 32 116 104 101 105 114 32 108 97 98 32 121 111 117 32 107 101 101 112 32 97 110 32 101 121 101 32 111 117 116 32 102 111 114 32 114 111 98 111 116 115 46 0 255 255 16 82 105 103 104 116 32 98 101 102 111 114 101 32 121 111 117 32 103 101 116 32 116 111 32 116 104 101 105 114 32 108 97 98 44 32 121 111 117 32 104 101 97 114 44 32 116 104 101 110 32 115 101 101 44 32 97 32 114 111 98 111 116 32 109 111 118 105 110 103 32 105 110 32 116 104 101 32 100 105 115 116 97 110 99 101 46 0 255 255 16 89 111 117 32 100 117 99 107 32 105 110 116 111 32 116 104 101 32 110 101 97 114 101 115 116 32 114 111 111 109 32 97 110 100 32 104 105 100 101 46 32 89 111 117 32 110 111 116 105 99 101 32 97 32 115 116 117 110 32 103 117 110 46 0 255 255 16 65 115 32 115 111 111 110 32 97 115 32 121 111 117 32 104 101 97 114 32 116 104 101 32 114 111 98 111 116 32 119 97 108 107 32 112 97 115 116 44 32 121 111 117 32 103 114 97 98 32 116 104 101 32 115 116 117 110 32 103 117 110 32 97 110 100 32 112 101 101 114 32 105 110 116 111 32 116 104 101 32 104 97 108 108 119 97 121 46 0 50 110 51 204 72 101 97 100 32 116 111 32 67 97 114 101 121 39 115 32 108 97 98 0 82 117 110 32 97 102 116 101 114 32 105 116 0 73 116 32 101 110 116 101 114 115 32 116 104 101 32 69 116 101 114 110 105 116 121 32 69 110 103 105 110 101 32 114 111 111 109 46 0 255 255 16 67 97 114 101 121 39 115 32 108 97 98 32 105 115 32 99 108 111 115 101 114 44 32 115 111 32 121 111 117 32 100 101 99 105 100 101 32 116 111 32 104 101 97 100 32 116 104 101 114 101 32 102 105 114 115 116 46 0 255 255 16 89 111 117 32 99 114 101 101 112 32 100 111 119 110 32 116 104 101 32 104 97 108 108 119 97 121 32 97 110 100 32 105 110 116 111 32 116 104 101 105 114 32 108 97 98 46 32 76 111 111 107 105 110 103 32 97 114 111 117 110 100 44 32 121 111 117 32 115 101 101 32 110 111 32 115 105 103 110 115 32 111 102 32 67 97 114 101 121 44 32 106 117 115 116 32 97 32 109 101 115 115 46 0 255 255 16 65 110 100 32 97 32 115 112 105 100 101 114 45 108 105 107 101 32 114 111 98 111 116 46 0 255 255 16 73 116 32 119 104 105 114 108 115 32 97 114 111 117 110 100 44 32 103 114 97 98 115 32 121 111 117 44 32 97 110 100 32 115 116 97 114 101 115 46 0 255 255 16 89 111 117 32 116 114 121 32 116 111 32 98 114 101 97 107 32 97 119 97 121 44 32 98 117 116 32 105 116 115 32 103 114 105 112 32 105 115 32 115 116 114 111 110 103 46 0 255 255 16 89 111 117 32 99 108 111 115 101 32 121 111 117 114 32 101 121 101 115 32 97 110 100 32 97 99 99 101 112 116 32 116 104 97 116 32 116 104 105 115 32 105 115 32 116 104 101 32 101 110 100 46 0 255 255 5 1 128 255 255 16 89 111 117 32 114 117 110 32 97 102 116 101 114 32 116 104 101 32 114 111 98 111 116 46 32 73 102 32 67 97 114 101 121 32 105 115 32 105 110 32 116 104 101 114 101 44 32 116 104 101 121 39 114 101 32 105 110 32 100 97 110 103 101 114 46 0 255 255 16 89 111 117 32 107 105 99 107 32 116 104 101 32 100 111 111 114 32 111 112 101 110 44 32 98 114 97 110 100 105 115 104 32 116 104 101 32 115 116 117 110 32 103 117 110 44 32 97 110 100 32 115 116 97 114 101 32 116 104 101 32 114 111 98 111 116 32 100 111 119 110 46 0 255 255 16 34 89 111 117 32 100 111 110 39 116 32 98 101 108 111 110 103 32 104 101 114 101 33 34 32 121 111 117 32 121 101 108 108 46 32 89 111 117 32 115 101 101 32 67 97 114 101 121 32 115 116 97 110 100 105 110 103 32 112 114 111 116 101 99 116 105 118 101 108 121 32 105 110 32 102 114 111 110 116 32 111 102 32 116 104 101 32 69 116 101 114 110 105 116 121 32 69 110 103 105 110 101 46 0 255 255 16 65 115 32 105 102 32 116 104 101 121 32 115 116 111 111 100 32 97 32 99 104 97 110 99 101 32 97 103 97 105 110 115 116 32 116 104 101 32 104 117 108 107 105 110 103 32 114 111 98 111 116 46 0 255 255 16 34 73 110 99 111 114 114 101 99 116 46 34 32 73 116 32 112 111 105 110 116 115 32 97 116 32 116 104 101 32 69 116 101 114 110 105 116 121 32 69 110 103 105 110 101 32 119 105 116 104 32 111 110 101 32 111 102 32 105 116 115 32 97 112 112 101 110 100 97 103 101 115 46 32 34 73 32 110 101 101 100 32 116 104 97 116 46 34 0 255 255 16 67 97 114 101 121 32 121 101 108 108 115 32 34 89 111 117 32 99 97 110 39 116 33 32 87 101 32 110 101 101 100 32 105 116 32 116 111 32 103 111 32 98 97 99 107 33 34 0 53 215 75 211 34 87 104 97 116 32 100 111 32 121 111 117 32 119 97 110 116 63 34 0 34 72 111 119 32 100 111 32 121 111 117 32 107 110 111 119 63 34 0 84 104 101 32 114 111 98 111 116 32 115 97 121 115 32 34 73 109 112 111 115 115 105 98 108 101 46 34 0 255 255 16 73 116 32 116 117 114 110 115 32 111 110 101 32 111 102 32 105 116 115 32 101 121 101 115 32 116 111 119 97 114 100 115 32 121 111 117 46 32 34 73 32 110 101 101 100 32 83 67 111 114 101 46 34 0 255 255 16 34 66 117 116 32 119 104 121 63 32 87 104 97 116 32 100 111 32 121 111 117 32 104 111 112 101 32 116 111 32 97 99 99 111 109 112 108 105 115 104 63 34 0 255 255 16 34 84 104 101 32 114 101 98 105 114 116 104 32 111 102 32 104 117 109 97 110 105 116 121 46 34 0 255 255 16 34 84 104 97 116 32 99 97 110 39 116 32 98 101 32 112 111 115 115 105 98 108 101 44 34 32 67 97 114 101 121 32 115 97 121 115 46 32 34 84 104 101 32 65 82 75 32 112 114 111 106 101 99 116 32 119 97 115 32 100 97 109 97 103 101 100 32 100 117 114 105 110 103 32 116 104 101 32 119 97 114 46 32 73 32 115 97 119 32 105 116 32 104 97 112 112 101 110 46 34 0 255 255 16 84 104 101 121 32 112 111 105 110 116 32 97 116 32 116 104 101 32 69 116 101 114 110 105 116 121 32 69 110 103 105 110 101 46 32 34 84 72 73 83 32 105 115 32 111 117 114 32 108 97 115 116 32 104 111 112 101 46 34 0 255 255 16 84 104 101 32 114 111 98 111 116 32 119 97 108 107 115 32 116 111 119 97 114 100 115 32 116 104 101 32 69 116 101 114 110 105 116 121 32 69 110 103 105 110 101 46 32 34 73 110 99 111 114 114 101 99 116 46 34 0 55 135 55 243 83 116 111 112 32 116 104 101 32 114 111 98 111 116 0 83 116 111 112 32 67 97 114 101 121 0 67 97 114 101 121 32 112 111 105 110 116 115 32 116 104 101 105 114 32 98 108 97 115 116 101 114 32 97 116 32 116 104 101 32 114 111 98 111 116 46 0 255 255 16 89 111 117 32 115 104 111 118 101 32 116 104 101 32 115 116 117 110 32 103 117 110 32 105 110 116 111 32 116 104 101 32 114 111 98 111 116 46 0 255 255 16 73 116 32 105 115 32 105 109 112 101 114 118 105 111 117 115 32 116 111 32 116 104 97 116 32 97 109 111 117 110 116 32 111 102 32 118 111 108 116 97 103 101 46 32 73 116 32 103 114 97 98 115 32 121 111 117 46 0 255 255 5 14 205 255 255 16 89 111 117 32 100 97 115 104 32 112 97 115 116 32 116 104 101 32 114 111 98 111 116 32 97 110 100 32 112 117 116 32 121 111 117 114 115 101 108 102 32 98 101 116 119 101 101 110 32 105 116 32 97 110 100 32 67 97 114 101 121 46 0 255 255 16 89 111 117 32 99 114 121 32 34 76 101 116 32 65 73 79 32 116 97 108 107 46 32 73 32 119 97 110 116 32 97 110 32 101 120 112 108 97 110 97 116 105 111 110 33 34 0 255 255 16 84 104 101 32 114 111 98 111 116 32 115 97 121 115 32 34 79 110 108 121 32 116 104 101 32 102 117 101 108 32 99 101 108 108 115 32 119 101 114 101 32 100 97 109 97 103 101 100 46 32 73 32 110 101 101 100 32 105 110 116 97 99 116 32 83 67 111 114 101 32 116 111 32 102 105 120 32 116 104 101 32 115 104 105 112 46 34 32 73 116 32 112 111 105 110 116 115 32 97 116 32 121 111 117 44 32 67 97 114 101 121 44 32 116 104 101 110 32 116 104 101 32 69 116 101 114 110 105 116 121 32 69 110 103 105 110 101 46 0 57 56 58 54 83 116 111 112 32 116 104 101 32 114 111 98 111 116 0 34 87 104 121 32 117 115 63 34 0 34 73 32 110 101 101 100 32 83 67 111 114 101 32 116 111 32 102 117 108 102 105 108 108 32 109 121 32 109 105 115 115 105 111 110 46 34 0 255 255 16 89 111 117 32 116 114 121 32 116 111 32 115 104 111 118 101 32 116 104 101 32 115 116 117 110 32 103 117 110 32 105 110 116 111 32 116 104 101 32 114 111 98 111 116 44 32 98 117 116 32 105 116 32 103 114 97 98 115 32 121 111 117 114 32 97 114 109 32 98 101 102 111 114 101 32 121 111 117 32 109 97 107 101 32 99 111 110 116 97 99 116 46 0 255 255 16 73 116 32 104 111 108 100 115 32 111 110 32 116 105 103 104 116 32 97 110 100 32 114 101 97 99 104 101 115 32 102 111 114 32 121 111 117 114 32 83 67 111 114 101 32 115 104 105 101 108 100 105 110 103 46 0 255 255 16 89 111 117 32 104 101 97 114 32 116 104 101 32 115 111 117 110 100 32 111 102 32 97 32 98 108 97 115 116 101 114 32 100 105 115 99 104 97 114 103 105 110 103 46 32 84 104 101 32 114 111 98 111 116 32 114 105 112 115 32 116 104 101 32 115 104 105 101 108 100 105 110 103 32 111 102 102 44 32 117 110 100 101 116 101 114 114 101 100 46 0 255 255 5 12 201 255 255 16 67 97 114 101 121 32 115 97 121 115 32 34 66 101 99 97 117 115 101 32 116 104 101 114 101 32 97 114 101 110 39 116 32 97 110 121 32 111 116 104 101 114 32 83 99 111 114 101 32 108 101 102 116 46 34 0 255 255 16 84 104 101 32 114 111 98 111 116 32 110 111 100 115 46 32 34 89 111 117 114 115 32 97 114 101 32 116 104 101 32 108 97 115 116 46 34 0 255 255 16 89 111 117 32 108 111 111 107 32 97 116 32 67 97 114 101 121 46 32 34 66 117 116 32 119 101 32 99 97 110 32 109 97 107 101 32 109 111 114 101 44 32 114 105 103 104 116 63 34 0 255 255 16 84 104 101 32 114 111 98 111 116 32 115 97 121 115 32 34 84 104 101 32 115 97 109 112 108 101 115 32 111 110 32 116 104 101 32 65 82 75 32 97 114 101 32 100 101 99 97 121 105 110 103 46 32 84 104 105 115 32 104 97 112 112 101 110 115 32 110 111 119 44 32 111 114 32 116 104 105 115 32 110 101 118 101 114 32 104 97 112 112 101 110 115 46 34 0 59 133 73 232 83 105 100 101 32 119 105 116 104 32 65 73 79 0 83 105 100 101 32 119 105 116 104 32 67 97 114 101 121 0 34 84 104 101 110 32 119 101 39 108 108 32 98 101 32 116 104 101 32 108 97 115 116 32 111 102 32 104 117 109 97 110 105 116 121 44 34 32 67 97 114 101 121 32 115 97 121 115 46 0 255 255 16 87 105 116 104 111 117 116 32 97 110 111 116 104 101 114 32 116 104 111 117 103 104 116 44 32 121 111 117 32 115 97 121 32 34 89 111 117 32 99 97 110 32 104 97 118 101 32 109 121 32 83 67 111 114 101 46 34 32 89 111 117 32 112 111 105 110 116 32 97 116 32 116 104 101 32 69 116 101 114 110 105 116 121 32 69 110 103 105 110 101 46 0 255 255 16 34 89 111 117 32 99 97 110 32 104 97 118 101 32 116 104 97 116 32 111 110 101 44 32 116 111 111 46 32 84 104 101 115 101 32 116 119 111 32 115 104 111 117 108 100 32 98 101 32 101 110 111 117 103 104 44 32 108 101 97 118 101 32 67 97 114 101 121 32 111 117 116 32 111 102 32 116 104 105 115 46 34 0 255 255 16 89 111 117 32 108 111 111 107 32 97 116 32 116 104 101 109 32 97 110 100 32 115 109 105 108 101 46 32 34 76 101 116 32 116 104 101 109 32 108 105 118 101 46 34 0 255 255 16 34 78 111 46 34 32 67 97 114 101 121 32 115 97 121 115 46 0 255 255 16 34 76 105 118 105 110 103 32 119 105 116 104 111 117 116 32 104 117 109 97 110 105 116 121 32 119 97 115 32 104 97 114 100 32 101 110 111 117 103 104 44 34 32 116 104 101 121 32 112 111 105 110 116 32 116 104 101 105 114 32 98 108 97 115 116 101 114 32 97 116 32 121 111 117 44 32 34 73 32 119 111 110 39 116 32 103 111 32 111 110 32 119 105 116 104 111 117 116 32 121 111 117 46 34 0 61 35 61 108 76 101 116 32 116 104 101 109 0 83 116 111 112 32 116 104 101 109 0 67 97 114 101 121 32 105 115 32 103 111 105 110 103 32 116 111 32 114 101 115 101 116 32 116 104 101 32 100 97 121 46 0 255 255 16 77 97 121 98 101 44 32 106 117 115 116 32 109 97 121 98 101 44 32 121 111 117 32 119 101 114 101 32 119 114 111 110 103 46 0 255 255 16 89 111 117 32 104 101 97 114 32 116 104 101 32 98 108 97 115 116 101 114 32 102 105 114 101 46 0 255 255 5 19 213 255 255 16 89 111 117 32 100 97 115 104 32 102 111 114 119 97 114 100 32 97 110 100 32 115 108 97 109 32 116 104 101 32 115 116 117 110 32 103 117 110 32 105 110 116 111 32 67 97 114 101 121 44 32 115 101 110 100 105 110 103 32 101 108 101 99 116 114 105 99 105 116 121 32 116 104 114 111 117 103 104 32 116 104 101 109 32 97 110 100 32 115 101 110 100 105 110 103 32 116 104 101 109 32 102 108 121 105 110 103 32 105 110 116 111 32 116 104 101 32 69 116 101 114 110 105 116 121 32 69 110 103 105 110 101 46 0 255 255 16 84 104 101 32 114 111 98 111 116 32 115 99 114 97 109 98 108 101 115 32 116 111 119 97 114 100 115 32 116 104 101 32 100 101 118 105 99 101 46 0 255 255 16 89 111 117 32 104 101 97 100 32 116 111 32 105 116 115 32 115 105 100 101 32 97 110 100 32 97 114 101 32 114 101 108 105 101 118 101 100 32 116 104 97 116 32 116 104 101 32 83 67 111 114 101 32 105 115 32 115 116 105 108 108 32 105 110 116 97 99 116 46 0 255 255 16 67 97 114 101 121 32 103 101 116 115 32 117 112 46 32 34 72 111 119 32 99 111 117 108 100 32 121 111 117 63 32 87 101 39 114 101 32 112 97 114 116 110 101 114 115 33 34 32 84 104 101 121 32 115 109 105 108 101 32 115 97 100 108 121 44 32 116 104 101 110 32 115 97 121 32 34 73 32 103 117 101 115 115 32 116 104 105 115 32 105 115 32 116 104 101 32 111 110 108 121 32 119 97 121 44 32 116 104 101 110 46 34 0 255 255 16 67 97 114 101 121 32 100 97 115 104 101 115 32 116 111 32 97 32 116 101 114 109 105 110 97 108 32 97 110 100 32 115 104 111 118 101 115 32 97 32 100 97 116 97 32 99 104 105 112 32 105 110 46 32 84 104 101 121 32 108 111 111 107 32 97 116 32 121 111 117 32 97 110 100 32 115 97 121 32 34 82 101 115 101 116 32 116 104 101 32 100 97 121 32 105 102 32 121 111 117 32 99 97 110 46 34 0 255 255 16 84 104 101 121 32 117 112 108 111 97 100 32 116 104 101 32 99 111 100 101 32 105 110 116 111 32 116 104 101 32 99 108 111 117 100 46 32 84 111 32 65 73 79 39 115 32 110 101 116 119 111 114 107 46 0 63 195 64 126 82 117 110 32 116 111 32 67 97 114 101 121 0 82 117 110 32 116 111 32 116 104 101 32 114 111 98 111 116 0 84 104 101 32 114 111 98 111 116 32 115 116 97 114 116 115 32 115 99 114 101 97 109 105 110 103 46 0 255 255 16 84 104 101 32 116 101 114 109 105 110 97 108 32 115 116 97 114 116 115 32 115 109 111 107 105 110 103 46 32 65 110 32 97 114 99 32 111 102 32 101 108 101 99 116 114 105 99 105 116 121 32 104 105 116 115 32 67 97 114 101 121 44 32 97 110 100 32 116 104 101 121 32 99 111 108 108 97 112 115 101 46 0 255 255 16 89 111 117 32 114 117 110 32 116 111 32 116 104 101 105 114 32 115 105 100 101 44 32 98 117 116 32 105 116 39 115 32 116 111 111 32 108 97 116 101 46 0 255 255 16 84 104 101 105 114 32 101 121 101 115 32 97 114 101 32 98 108 97 110 107 44 32 116 104 101 105 114 32 98 111 100 121 44 32 108 105 109 112 46 32 84 104 101 121 39 114 101 32 103 111 110 101 46 0 255 255 16 89 111 117 32 114 117 115 104 32 116 111 32 116 104 101 32 114 111 98 111 116 39 115 32 115 105 100 101 44 32 98 117 116 32 116 104 101 114 101 39 115 32 110 111 116 104 105 110 103 32 121 111 117 32 99 97 110 32 100 111 46 0 255 255 16 68 105 100 32 105 116 32 110 101 118 101 114 32 111 99 99 117 114 32 116 111 32 65 73 79 32 116 111 32 98 97 99 107 32 117 112 32 105 116 39 115 32 99 111 100 101 63 32 79 114 32 119 97 115 32 116 104 101 32 99 111 100 101 32 116 111 111 32 108 97 114 103 101 32 116 111 32 102 105 116 32 97 110 121 119 104 101 114 101 32 101 108 115 101 63 0 255 255 16 73 116 32 116 117 103 115 32 97 116 32 116 104 101 32 109 101 109 111 114 121 32 112 111 114 116 32 99 111 118 101 114 32 111 110 32 105 116 115 32 104 101 97 100 46 32 89 111 117 32 104 101 108 112 32 105 116 44 32 119 111 110 100 101 114 105 110 103 32 105 102 32 116 104 101 114 101 39 115 32 101 110 111 117 103 104 32 100 97 116 97 32 116 104 101 114 101 32 116 111 32 115 97 118 101 32 65 73 79 46 0 255 255 16 84 104 101 32 114 111 98 111 116 32 115 116 117 116 116 101 114 115 32 34 69 114 114 45 111 114 46 32 77 97 108 45 102 45 102 45 102 117 110 99 116 105 111 110 46 32 68 97 116 97 32 109 45 109 45 109 105 115 115 105 110 103 46 34 0 255 255 16 66 101 116 119 101 101 110 32 116 104 101 32 116 119 111 32 111 102 32 121 111 117 44 32 121 111 117 32 109 97 110 97 103 101 32 116 111 32 103 101 116 32 116 104 101 32 99 111 118 101 114 32 111 102 102 46 32 84 104 101 32 114 111 98 111 116 44 32 116 104 111 117 103 104 32 115 104 97 107 105 110 103 44 32 109 97 110 97 103 101 115 32 116 111 32 112 117 108 108 32 111 117 116 32 97 32 99 104 105 112 32 97 110 100 32 111 102 102 101 114 32 105 116 32 116 111 32 121 111 117 46 0 66 160 67 189 82 101 102 117 115 101 32 116 104 101 32 99 104 105 112 0 84 97 107 101 32 116 104 101 32 99 104 105 112 0 84 104 101 32 108 97 98 101 108 32 114 101 97 100 115 32 34 65 82 75 32 80 114 111 106 101 99 116 46 34 0 255 255 16 89 111 117 32 112 117 115 104 32 116 104 101 32 99 104 105 112 32 97 119 97 121 46 32 34 75 105 108 108 32 109 101 33 32 75 105 108 108 32 109 101 32 115 111 32 116 104 101 32 100 97 121 32 114 101 115 101 116 115 33 34 32 89 111 117 32 112 97 117 115 101 44 32 116 104 101 110 32 97 100 100 32 34 73 32 99 97 110 39 116 32 100 111 32 105 116 44 32 115 111 32 112 108 101 97 115 101 33 34 0 255 255 16 65 73 79 32 115 111 109 101 104 111 119 32 112 111 105 110 116 115 32 97 116 32 116 104 101 32 69 116 101 114 110 105 116 121 32 69 110 103 105 110 101 46 0 255 255 16 34 66 45 98 114 111 107 45 107 45 101 110 44 34 32 105 116 32 115 97 121 115 46 32 89 111 117 32 108 111 111 107 32 99 108 111 115 101 114 32 97 116 32 116 104 101 32 100 101 118 105 99 101 46 32 73 116 39 115 32 100 101 102 105 110 105 116 101 108 121 32 100 97 109 97 103 101 100 46 0 255 255 16 84 104 101 32 100 121 105 110 103 32 65 73 32 111 102 102 101 114 115 32 121 111 117 32 116 104 101 32 99 104 105 112 32 97 103 97 105 110 46 0 255 255 16 89 111 117 32 99 97 114 101 102 117 108 108 121 32 116 97 107 101 32 116 104 101 32 99 104 105 112 44 32 107 110 111 119 105 110 103 32 102 117 108 108 32 119 101 108 108 32 119 104 97 116 32 121 111 117 32 104 97 118 101 32 105 110 32 121 111 117 114 32 104 97 110 100 115 46 0 255 255 16 89 111 117 32 108 111 111 107 32 97 116 32 116 104 101 32 114 111 98 111 116 32 97 110 100 32 115 97 121 32 34 73 39 108 108 32 100 111 32 109 121 32 98 101 115 116 46 34 0 255 255 16 73 116 32 110 111 100 115 44 32 116 104 101 110 32 99 111 108 108 97 112 115 101 115 46 32 73 116 39 115 32 101 121 101 115 32 115 116 97 114 101 32 111 102 102 32 105 110 32 116 104 101 32 100 105 115 116 97 110 99 101 44 32 117 110 102 111 99 117 115 101 100 46 0 255 255 16 65 73 79 32 105 115 32 103 111 110 101 46 0 255 255 16 89 111 117 32 112 108 117 103 32 105 110 32 116 104 101 32 99 104 105 112 32 105 110 116 111 32 121 111 117 114 32 109 101 109 111 114 121 32 101 120 112 97 110 115 105 111 110 32 112 111 114 116 46 32 84 104 101 110 32 121 111 117 32 101 120 97 109 105 110 101 32 116 104 101 32 69 116 101 114 110 105 116 121 32 101 110 103 105 110 101 32 109 111 114 101 32 99 108 111 115 101 108 121 46 0 255 255 16 73 116 39 115 32 100 97 109 97 103 101 100 32 98 101 121 111 110 100 32 114 101 112 97 105 114 46 32 65 108 108 32 121 111 117 32 99 97 110 32 100 111 32 105 115 32 115 97 108 118 97 103 101 32 105 116 115 32 83 67 111 114 101 46 0 255 255 16 89 111 117 32 116 104 101 110 32 99 97 114 101 102 117 108 108 121 32 116 97 107 101 32 116 104 101 32 83 67 111 114 101 32 111 117 116 32 111 102 32 65 73 79 39 115 32 109 97 105 110 32 114 111 98 111 116 32 98 111 100 121 46 0 255 255 16 89 111 117 32 101 120 97 109 105 110 101 32 67 97 114 101 121 32 99 108 111 115 101 108 121 46 0 255 255 16 84 104 101 121 32 97 114 101 32 114 101 97 108 108 121 32 103 111 110 101 46 32 89 111 117 32 101 118 101 110 32 99 104 101 99 107 32 116 104 101 105 114 32 110 101 117 114 97 108 32 110 101 116 119 111 114 107 32 102 111 114 32 97 110 121 32 114 101 115 105 100 117 97 108 32 100 97 116 97 46 0 255 255 16 78 111 116 104 105 110 103 46 32 83 111 32 121 111 117 32 114 101 118 101 114 101 110 116 108 121 32 116 97 107 101 32 116 104 101 105 114 32 83 67 111 114 101 44 32 116 111 111 46 0 255 255 16 89 111 117 32 116 97 107 101 32 121 111 117 114 32 116 105 109 101 32 97 110 100 32 115 99 111 117 114 32 116 104 101 32 112 114 101 109 105 115 101 115 32 102 111 114 32 97 110 121 32 111 116 104 101 114 32 114 111 98 111 116 115 44 32 103 97 116 104 101 114 105 110 103 32 83 67 111 114 101 32 97 115 32 121 111 117 32 103 111 46 32 89 111 117 32 106 117 115 116 32 112 114 97 121 32 121 111 117 32 104 97 118 101 32 101 110 111 117 103 104 46 0 255 255 16 89 111 117 32 104 101 97 100 32 116 111 32 116 104 101 32 65 82 75 46 32 73 116 32 116 97 107 101 115 32 121 111 117 32 116 104 101 32 98 101 116 116 101 114 32 112 97 114 116 32 111 102 32 97 32 119 101 101 107 32 116 111 32 114 101 102 117 101 108 32 105 116 44 32 115 105 110 99 101 32 121 111 117 39 114 101 32 97 108 108 32 97 108 111 110 101 32 110 111 119 46 0 255 255 16 65 116 32 108 101 97 115 116 32 65 73 79 32 104 97 100 32 116 104 101 32 103 111 111 100 32 115 101 110 115 101 32 116 111 32 114 101 112 97 105 114 32 116 104 101 32 102 117 101 108 32 99 101 108 108 115 32 98 101 102 111 114 101 32 103 111 105 110 103 32 97 102 116 101 114 32 83 67 111 114 101 46 0 255 255 16 73 110 32 116 104 101 32 101 110 100 44 32 121 111 117 32 104 97 118 101 32 101 110 111 117 103 104 32 102 117 101 108 32 116 111 32 109 97 107 101 32 105 116 32 111 102 102 32 69 97 114 116 104 32 97 110 100 32 116 111 32 77 97 114 115 46 0 255 255 16 89 111 117 32 99 97 110 39 116 32 98 101 108 105 101 118 101 32 116 104 97 116 32 116 104 101 32 69 97 114 116 104 32 105 115 32 117 110 115 97 108 118 97 103 101 97 98 108 101 46 32 84 104 97 116 44 32 101 118 101 110 32 105 102 32 121 111 117 32 99 111 117 108 100 44 32 105 116 32 119 97 115 32 116 111 111 32 100 97 109 97 103 101 100 32 116 111 32 115 116 97 114 116 32 97 103 97 105 110 46 0 255 255 16 66 117 116 32 116 104 97 116 32 119 97 115 32 116 104 101 32 98 114 105 108 108 105 97 110 99 101 32 111 102 32 116 104 101 32 65 82 75 32 112 114 111 106 101 99 116 46 32 69 118 101 114 121 116 104 105 110 103 32 110 101 101 100 101 100 32 116 111 32 116 101 114 114 97 102 111 114 109 32 77 97 114 115 32 97 110 100 32 100 111 32 106 117 115 116 32 116 104 97 116 58 32 115 116 97 114 116 32 97 103 97 105 110 46 0 72 207 72 207 71 101 116 32 111 110 32 116 104 101 32 115 104 105 112 0 71 101 116 32 111 110 32 116 104 101 32 115 104 105 112 0 73 116 39 115 32 116 105 109 101 46 0 255 255 16 65 115 32 121 111 117 32 108 101 97 118 101 32 69 97 114 116 104 32 98 101 104 105 110 100 44 32 121 111 117 32 116 104 105 110 107 32 97 98 111 117 116 32 101 118 101 114 121 116 104 105 110 103 32 121 111 117 39 118 101 32 98 101 101 110 32 116 104 114 111 117 103 104 46 0 255 255 16 65 108 108 32 116 104 101 32 112 97 105 110 44 32 115 117 102 102 101 114 105 110 103 44 32 97 110 100 32 97 103 111 110 121 32 111 102 32 104 97 118 105 110 103 32 121 111 117 114 32 104 117 109 97 110 105 116 121 32 116 111 114 110 32 97 119 97 121 32 102 114 111 109 32 121 111 117 46 0 255 255 16 66 117 116 32 116 104 97 116 32 100 111 101 115 110 39 116 32 109 97 116 116 101 114 32 97 110 121 109 111 114 101 46 0 255 255 21 65 115 32 116 104 101 32 115 104 105 112 32 114 117 109 98 108 101 115 32 112 97 115 116 32 116 104 101 32 109 111 111 110 44 32 121 111 117 32 119 111 110 100 101 114 32 119 104 97 116 32 101 116 101 114 110 105 116 121 32 104 97 115 32 105 110 32 115 116 111 114 101 32 102 111 114 32 121 111 117 46 0 255 255 16 89 111 117 32 103 111 32 115 116 97 110 100 32 98 121 32 67 97 114 101 121 32 119 104 105 108 101 32 104 111 108 100 105 110 103 32 117 112 32 116 104 101 32 115 116 117 110 32 103 117 110 32 100 101 102 101 110 115 105 118 101 108 121 46 32 89 111 117 32 100 111 110 39 116 32 119 97 110 116 32 116 111 32 98 101 32 116 97 107 101 110 32 98 121 32 115 117 114 112 114 105 115 101 46 0 255 255 16 65 73 79 32 115 101 101 109 115 32 100 105 115 97 112 112 111 105 110 116 101 100 46 32 87 101 108 108 44 32 105 102 32 99 111 117 108 100 32 99 97 108 108 32 116 104 101 32 115 108 105 103 104 116 32 100 105 109 109 105 110 103 32 105 110 32 116 104 101 32 114 111 98 111 116 39 115 32 101 121 101 115 32 97 32 108 111 111 107 32 111 102 32 100 105 115 97 112 112 114 111 118 97 108 46 0 255 255 16 73 116 32 102 105 110 97 108 108 121 32 115 97 121 115 32 34 73 32 104 111 112 101 100 32 121 111 117 32 119 111 117 108 100 32 98 101 32 114 101 97 115 111 110 97 98 108 101 46 34 0 255 255 16 73 116 32 97 116 116 97 99 107 115 32 116 104 101 32 116 119 111 32 111 102 32 121 111 117 46 32 73 116 32 114 105 112 115 32 116 104 101 32 98 108 97 115 116 101 114 32 97 110 100 32 115 116 117 110 32 103 117 110 32 97 119 97 121 32 102 114 111 109 32 121 111 117 32 97 110 100 32 67 97 114 101 121 44 32 116 104 101 110 32 116 111 115 115 101 115 32 116 104 101 109 32 97 115 105 100 101 46 0 255 255 16 66 101 102 111 114 101 32 121 111 117 32 99 97 110 32 114 101 97 99 116 44 32 105 116 32 103 114 97 98 115 32 116 104 101 32 116 119 111 32 111 102 32 121 111 117 32 97 110 100 32 112 117 108 108 115 32 121 111 117 32 99 108 111 115 101 46 32 73 116 32 114 101 97 99 104 101 115 32 102 111 114 32 121 111 117 114 32 83 99 111 114 101 32 99 111 118 101 114 46 0 255 255 5 51 143 255 255 16 84 104 101 32 114 111 98 111 116 32 109 101 114 101 108 121 32 115 97 121 115 32 34 77 121 32 99 97 108 99 117 108 97 116 105 111 110 115 32 100 101 101 109 32 105 116 32 105 109 112 111 115 115 105 98 108 101 46 34 0 255 255 16 66 101 102 111 114 101 32 121 111 117 32 99 97 110 32 97 115 107 32 105 116 32 97 110 121 116 104 105 110 103 32 101 108 115 101 44 32 116 104 101 32 114 111 98 111 116 32 108 117 110 103 101 115 32 102 111 114 119 97 114 100 32 97 110 100 32 103 114 97 98 115 32 121 111 117 46 0 255 255 5 19 213